       0/9        0G    0.1192    0.1301   0.03731    0.2865        65       640 3.165e-05  0.001638 3.015e-07 4.295e-08    0.1249   0.02973   0.03461
       1/9        0G    0.1003    0.1508   0.02977    0.2809        87       640         0         0         0         0    0.1243   0.02636   0.03514
       2/9        0G   0.07889    0.1553   0.02284     0.257        87       640 7.002e-05  0.000819 5.099e-07 5.099e-08    0.1269    0.0169   0.03463
       3/9        0G   0.06433    0.1504    0.0175    0.2322        68       640    0.3882  0.009009  0.001626 0.0004629    0.1164   0.01968   0.03335
       4/9        0G   0.05574    0.1492   0.01507      0.22       100       640   0.04899    0.3038   0.03895   0.01357    0.0646   0.05233   0.01839
       5/9        0G   0.05056    0.1449   0.01407    0.2095        58       640    0.1208    0.5016   0.07736   0.03125   0.04945   0.07396   0.01438
       6/9        0G   0.04694    0.1481   0.01283    0.2079        66       640    0.1016    0.6851     0.104   0.05004   0.04063   0.07689   0.01158
       7/9        0G   0.04382    0.1439   0.01173    0.1995       102       640    0.1048     0.653    0.1053   0.04668   0.04147   0.08473   0.01012
       8/9        0G   0.04345    0.1499   0.01109    0.2045       132       640    0.1102    0.7195    0.1101   0.05092   0.03969   0.07313  0.009207
       9/9        0G   0.04129     0.147   0.01067     0.199        83       640    0.1156    0.6719     0.118   0.05961   0.03564   0.07418  0.008266
